t_s,v_gnss,v_raw,sigma,still,v_model,phase
3.5884,0.0000,0.0000,0.0498,1,0.0000,0
3.6884,0.0000,0.0000,0.0498,1,0.0000,0
4.0884,0.0000,0.0000,0.0498,1,0.0000,0
4.2884,0.0000,0.0000,0.0498,1,0.0000,0
4.3884,0.0000,0.0001,0.0498,1,0.0000,0
4.6884,0.0000,0.0000,0.0498,1,0.0000,0
5.3884,0.0000,0.0008,0.0498,1,0.0000,0
5.4884,0.0000,0.0015,0.0498,1,0.0000,0
5.9884,0.0000,0.0050,0.0498,1,0.0000,0
6.3884,0.0000,0.0050,0.0498,1,0.0000,0
6.8884,0.0000,0.0039,0.0498,1,0.0000,0
7.0884,0.0000,0.0043,0.0498,1,0.0000,0
7.1884,0.0000,0.0043,0.0498,1,0.0000,0
8.7884,0.0000,0.0003,0.0498,1,0.0000,0
9.2884,0.0000,0.0020,0.0498,1,0.0000,0
9.6884,0.0000,0.0013,0.0498,1,0.0000,0
9.9884,0.0000,0.0028,0.0498,1,0.0000,0
10.5884,0.0000,0.0010,0.0498,1,0.0000,0
11.2884,0.0000,0.0033,0.0498,1,0.0000,0
12.2884,0.0000,0.0019,0.0498,1,0.0000,0
12.4884,0.0000,0.0037,0.0498,1,0.0000,0
12.5884,0.0000,0.0038,0.0498,1,0.0000,0
12.8884,0.0000,0.0040,0.0498,1,0.0000,0
13.0884,0.0000,0.0031,0.0498,1,0.0000,0
13.2884,0.0000,0.0032,0.0498,1,0.0000,0
13.3884,0.0000,0.0023,0.0498,1,0.0000,0
13.6884,0.0000,0.0016,0.0498,1,0.0000,0
13.7884,0.0000,0.0041,0.0498,1,0.0000,0
14.2884,0.0000,0.0034,0.0498,1,0.0000,0
14.4884,0.0000,0.0025,0.0498,1,0.0000,0
17.5884,0.1610,0.1212,0.0568,0,0.1157,1
17.6884,0.1842,0.1715,0.0617,0,0.1210,1
17.7884,0.2073,0.1115,0.0599,0,0.1201,1
17.8884,0.2315,0.1794,0.0678,0,0.1258,1
17.9884,0.3043,0.1462,0.0666,0,0.1277,1
18.0884,0.3772,0.2231,0.0729,0,0.1368,1
18.1884,0.4500,0.1903,0.0722,0,0.1419,1
18.2884,0.5229,0.2428,0.0802,0,0.1515,1
18.3884,0.5958,0.1868,0.0753,0,0.1548,1
18.4884,0.6686,0.2905,0.0779,0,0.1678,1
18.5884,0.7415,0.2661,0.0795,0,0.1771,1
18.6884,0.8143,0.4597,0.0940,0,0.2040,1
18.7884,0.8872,0.4560,0.0965,0,0.2280,1
18.8884,0.9601,0.5718,0.1118,0,0.2607,1
18.9884,1.0186,0.5462,0.1096,0,0.2879,1
19.0884,1.0771,0.6478,0.1280,0,0.3221,1
19.1884,1.1357,0.6814,0.1259,0,0.3563,1
19.2884,1.1942,0.7155,0.1276,0,0.3905,1
19.3884,1.2528,0.7222,0.1309,0,0.4221,1
19.4884,1.3113,0.8440,0.1409,0,0.4622,1
19.5884,1.3699,0.8198,0.1467,0,0.4962,1
19.6884,1.4284,0.8831,0.1513,0,0.5331,1
19.7884,1.4869,0.9130,0.1578,0,0.5692,1
19.8884,1.5455,0.9634,0.1653,0,0.6067,1
19.9884,1.5887,1.0872,0.1621,0,0.6524,1
20.0884,1.6307,1.1062,0.1572,0,0.6956,1
20.1884,1.6727,1.2196,0.1651,0,0.7455,1
20.2884,1.7147,1.2246,0.1635,0,0.7911,1
20.3884,1.7567,1.2511,0.1723,0,0.8349,1
20.4884,1.7987,1.1606,0.1683,0,0.8659,1
20.5884,1.8407,1.2185,0.1685,0,0.8994,1
20.6884,1.8827,1.2570,0.1649,0,0.9334,1
20.7884,1.9246,1.3769,0.1635,0,0.9756,1
20.8884,1.9666,1.4775,0.1720,0,1.0234,1
20.9884,1.9969,1.6321,0.1707,0,1.0813,1
21.0884,2.0262,1.6851,0.1659,0,1.1388,1
21.1884,2.0555,1.6753,0.1703,0,1.1898,1
21.2884,2.0847,1.6224,0.1666,0,1.2310,1
21.3884,2.1140,1.7259,0.1641,0,1.2781,1
21.4884,2.1433,1.6064,0.1632,0,1.3093,1
21.5884,2.1726,1.8239,0.1535,0,1.3583,1
21.6884,2.2018,1.9325,0.1765,0,1.4129,1
21.7884,2.2311,2.0587,0.1627,0,1.4744,1
21.8884,2.2604,2.1624,0.1660,0,1.5399,1
21.9884,2.2911,2.1671,0.1634,0,1.5996,1
22.0884,2.3217,2.1980,0.1693,0,1.6565,1
22.1884,2.3524,2.1399,0.1591,0,1.7025,1
22.2884,2.3831,1.9919,0.1654,0,1.7300,1
22.3884,2.4138,1.9953,0.1555,0,1.7553,1
22.4884,2.4445,2.1534,0.1720,0,1.7932,1
22.5884,2.4752,2.1545,0.1565,0,1.8276,1
22.6884,2.5058,2.2506,0.1613,0,1.8678,1
22.7884,2.5365,2.4038,0.1522,0,1.9188,1
22.8884,2.5672,2.3660,0.1587,0,1.9614,1
22.9884,2.5983,2.4390,0.1518,0,2.0068,1
23.0884,2.6294,2.3527,0.1610,0,2.0397,1
23.1884,2.6606,2.4666,0.1531,0,2.0804,1
23.2884,2.6917,2.4831,0.1642,0,2.1187,1
23.3884,2.7228,2.4645,0.1569,0,2.1516,1
23.4884,2.7540,2.4661,0.1595,0,2.1815,1
23.5884,2.7851,2.6311,0.1435,0,2.2243,1
23.6884,2.8162,2.5691,0.1572,0,2.2571,1
23.7884,2.8474,2.5878,0.1414,0,2.2886,1
23.8884,2.8785,2.6613,0.1481,0,2.3241,1
23.9884,2.9029,2.7087,0.1367,0,2.3607,1
24.0884,2.9270,2.6859,0.1465,0,2.3916,1
24.1884,2.9510,2.7347,0.1373,0,2.4243,1
24.2884,2.9751,2.7211,0.1350,0,2.4525,1
24.3884,2.9991,2.7168,0.1429,0,2.4777,1
24.4884,3.0232,2.7548,0.1430,0,2.5040,1
24.5884,3.0472,2.7959,0.1317,0,2.5318,1
24.6884,3.0713,2.8457,0.1368,0,2.5617,1
24.7884,3.0953,3.0099,0.1201,0,2.6043,1
24.8884,3.1194,2.9645,0.1315,0,2.6386,1
24.9884,3.1394,3.0049,0.1216,0,2.6735,1
25.0884,3.1593,2.9926,0.1212,0,2.7038,1
25.1884,3.1792,3.0058,0.1305,0,2.7326,1
25.2884,3.1991,3.0844,0.1213,0,2.7660,1
25.3884,3.2191,3.1107,0.1138,0,2.7988,1
25.4884,3.2390,3.2011,0.1180,0,2.8371,1
25.5884,3.2589,3.2536,0.1043,0,2.8768,1
25.6884,3.2788,3.1178,0.1230,0,2.8997,1
25.7884,3.2987,3.3184,0.1078,0,2.9395,1
25.8884,3.3186,3.2524,0.1057,0,2.9693,1
25.9884,3.3395,3.2109,0.1185,0,2.9923,1
26.0884,3.3605,3.2860,0.1118,0,3.0203,1
26.1884,3.3815,3.3751,0.1138,0,3.0540,1
26.2884,3.4025,3.3337,0.1229,0,3.0806,1
26.3884,3.4235,3.4071,0.1235,0,3.1117,1
26.4884,3.4445,3.3255,0.1282,0,3.1320,1
26.5884,3.4654,3.4325,0.1250,0,3.1606,1
26.6884,3.4864,3.3930,0.1316,0,3.1828,1
26.7884,3.5074,3.4074,0.1364,0,3.2041,1
26.8884,3.5284,3.4048,0.1285,0,3.2232,1
26.9884,3.5291,3.4783,0.1240,0,3.2475,1
27.0884,3.5281,3.4154,0.1361,0,3.2635,1
27.1884,3.5271,3.4967,0.1485,0,3.2857,1
27.2884,3.5260,3.3499,0.1666,0,3.2918,1
27.3884,3.5250,3.4340,0.1650,0,3.3053,1
27.4884,3.5240,3.5256,0.1642,0,3.3263,1
27.5884,3.5230,3.5729,0.1615,0,3.3498,1
27.6884,3.5220,3.4572,0.1777,0,3.3600,1
27.7884,3.5210,3.4986,0.1640,0,3.3732,1
27.8884,3.5200,3.4406,0.1811,0,3.3796,1
27.9884,3.5150,3.5035,0.1810,0,3.3914,1
28.0884,3.5100,3.4915,0.1589,0,3.4009,1
28.1884,3.5051,3.4915,0.1718,0,3.4095,1
28.2884,3.5001,3.5539,0.1701,0,3.4233,1
28.3884,3.4952,3.5415,0.1716,0,3.4345,1
28.4884,3.4902,3.4185,0.1782,0,3.4330,1
28.5884,3.4853,3.4429,0.1598,0,3.4339,1
28.6884,3.4803,3.4530,0.1681,0,3.4357,1
28.7884,3.4754,3.5288,0.1512,0,3.4446,1
28.8884,3.4704,3.5043,0.1386,0,3.4503,1
28.9884,3.4672,3.5542,0.1526,0,3.4602,1
29.0884,3.4642,3.3851,0.1542,0,3.4530,1
29.1884,3.4612,3.5838,0.1466,0,3.4655,1
29.2884,3.4582,3.5489,0.1505,0,3.4734,1
29.3884,3.4551,3.5538,0.1410,0,3.4811,1
29.4884,3.4521,3.5281,0.1422,0,3.4856,1
29.5884,3.4491,3.5503,0.1440,0,3.4917,1
29.6884,3.4461,3.5207,0.1176,0,3.4945,1
29.7884,3.4431,3.6333,0.1228,0,3.5077,1
29.8884,3.4400,3.5009,0.1182,0,3.5070,1
29.9884,3.4488,3.5699,0.1144,0,3.5130,1
30.0884,3.4578,3.5317,0.1197,0,3.5148,1
30.1884,3.4667,3.5602,0.1200,0,3.5191,1
30.2884,3.4757,3.4694,0.1111,0,3.5144,1
30.3884,3.4846,3.5975,0.1177,0,3.5223,1
30.4884,3.4936,3.4561,0.1140,0,3.5160,1
30.5884,3.5026,3.6052,0.1120,0,3.5245,1
30.6884,3.5115,3.4168,0.1249,0,3.5142,1
30.7884,3.5205,3.4594,0.1217,0,3.5090,1
30.8884,3.5294,3.5368,0.1219,0,3.5117,1
30.9884,3.5404,3.6694,0.1197,0,3.5267,1
31.0884,3.5515,3.4777,0.1128,0,3.5220,1
31.1884,3.5626,3.5940,0.1277,0,3.5289,1
31.2884,3.5736,3.4341,0.1267,0,3.5199,1
31.3884,3.5847,3.5797,0.1214,0,3.5255,1
31.4884,3.5958,3.4972,0.1139,0,3.5229,1
31.5884,3.6069,3.5398,0.1175,0,3.5245,1
31.6884,3.6180,3.5521,0.1159,0,3.5271,1
31.7884,3.6291,3.6146,0.1168,0,3.5354,1
31.8884,3.6398,3.3961,0.1174,0,3.5222,1
31.9884,3.6238,3.5261,0.1269,0,3.5225,1
32.0884,3.6079,3.4745,0.1219,0,3.5180,1
32.1884,3.5919,3.5395,0.1097,0,3.5200,1
32.2884,3.5760,3.5046,0.1077,0,3.5186,1
32.3884,3.5600,3.4521,0.1248,0,3.5122,1
32.4884,3.5441,3.4803,0.1127,0,3.5092,1
32.5884,3.5282,3.5878,0.1111,0,3.5167,1
32.6884,3.5122,3.5184,0.1053,0,3.5168,1
32.7884,3.4963,3.5349,0.1150,0,3.5186,1
32.8884,3.4803,3.5975,0.1085,0,3.5261,1
32.9884,3.4917,3.5109,0.1096,0,3.5246,1
33.0884,3.5037,3.5909,0.1040,0,3.5309,1
33.1884,3.5157,3.6409,0.1050,0,3.5414,1
33.2884,3.5277,3.6476,0.0961,0,3.5515,1
33.3884,3.5397,3.6299,0.1013,0,3.5590,1
33.4884,3.5516,3.5438,0.1062,0,3.5575,1
33.5884,3.5636,3.5196,0.1057,0,3.5539,1
33.6884,3.5756,3.5754,0.1010,0,3.5560,1
33.7884,3.5876,3.5978,0.1001,0,3.5599,1
33.8884,3.5996,3.6143,0.1009,0,3.5651,1
33.9884,3.5952,3.6145,0.1006,0,3.5698,1
34.0884,3.5902,3.5018,0.1017,0,3.5633,1
34.1884,3.5852,3.6079,0.1012,0,3.5676,1
34.2884,3.5803,3.5345,0.1030,0,3.5644,1
34.3884,3.5753,3.5995,0.0960,0,3.5678,1
34.4884,3.5703,3.6177,0.0935,0,3.5725,1
34.5884,3.5653,3.5833,0.1027,0,3.5735,1
34.6884,3.5604,3.5714,0.1007,0,3.5733,1
34.7884,3.5554,3.6648,0.0983,0,3.5820,1
34.8884,3.5504,3.5972,0.0964,0,3.5835,1
34.9884,3.5565,3.6523,0.0936,0,3.5900,1
35.0884,3.5635,3.5727,0.0992,0,3.5884,1
35.1884,3.5706,3.5552,0.0976,0,3.5852,1
35.2884,3.5777,3.5524,0.0992,0,3.5821,1
35.3884,3.5847,3.6501,0.0970,0,3.5886,1
35.4884,3.5918,3.6366,0.0952,0,3.5932,1
35.5884,3.5989,3.6143,0.0969,0,3.5952,1
35.6884,3.6059,3.4987,0.0982,0,3.5860,1
35.7884,3.6130,3.5717,0.1018,0,3.5846,1
35.8884,3.6199,3.5468,0.1085,0,3.5810,1
35.9884,3.6129,3.5800,0.0997,0,3.5809,1
36.0884,3.6059,3.5021,0.1068,0,3.5734,1
36.1884,3.5990,3.5089,0.1121,0,3.5673,1
36.2884,3.5920,3.5333,0.1064,0,3.5641,1
36.3884,3.5850,3.5666,0.1065,0,3.5643,1
36.4884,3.5780,3.5122,0.1083,0,3.5593,1
36.5884,3.5710,3.5554,0.1076,0,3.5590,1
36.6884,3.5640,3.5516,0.1069,0,3.5583,1
36.7884,3.5570,3.5690,0.0996,0,3.5593,1
36.8884,3.5500,3.4514,0.1128,0,3.5490,1
36.9884,3.5649,3.5216,0.1091,0,3.5464,1
37.0884,3.5799,3.5963,0.0975,0,3.5511,1
37.1884,3.5949,3.5807,0.1023,0,3.5540,1
37.2884,3.6099,3.4913,0.1058,0,3.5480,1
37.3884,3.6248,3.4888,0.1112,0,3.5424,1
37.4884,3.6398,3.4428,0.1181,0,3.5329,1
37.5884,3.6548,3.5716,0.1170,0,3.5366,1
37.6884,3.6698,3.4829,0.1251,0,3.5315,1
37.7884,3.6847,3.5244,0.1272,0,3.5308,1
37.8884,3.6997,3.4918,0.1190,0,3.5271,1
37.9884,3.6823,3.6201,0.1234,0,3.5359,1
38.0884,3.6643,3.5876,0.1285,0,3.5408,1
38.1884,3.6463,3.6716,0.1325,0,3.5533,1
38.2884,3.6282,3.5598,0.1263,0,3.5539,1
38.3884,3.6102,3.6514,0.1173,0,3.5632,1
38.4884,3.5922,3.5097,0.1315,0,3.5581,1
38.5884,3.5741,3.6643,0.1241,0,3.5682,1
38.6884,3.5561,3.5791,0.1128,0,3.5692,1
38.7884,3.5381,3.6640,0.1155,0,3.5783,1
38.8884,3.5201,3.6425,0.1166,0,3.5844,1
38.9884,3.5290,3.6861,0.1190,0,3.5940,1
39.0884,3.5380,3.4553,0.1271,0,3.5808,1
39.1884,3.5470,3.6415,0.1204,0,3.5866,1
39.2884,3.5560,3.5474,0.1328,0,3.5829,1
39.3884,3.5650,3.7269,0.1195,0,3.5966,1
39.4884,3.5740,3.5106,0.1303,0,3.5884,1
39.5884,3.5830,3.5542,0.1298,0,3.5851,1
39.6884,3.5920,3.5789,0.1286,0,3.5846,1
39.7884,3.6010,3.7341,0.1227,0,3.5988,1
39.8884,3.6100,3.5659,0.1361,0,3.5957,1
39.9884,3.5981,3.6364,0.1139,0,3.5995,1
40.0884,3.5861,3.5813,0.1243,0,3.5978,1
40.1884,3.5741,3.6513,0.1192,0,3.6029,1
40.2884,3.5622,3.5425,0.1311,0,3.5971,1
40.3884,3.5502,3.5553,0.1175,0,3.5932,1
40.4884,3.5382,3.5546,0.1123,0,3.5895,1
40.5884,3.5262,3.6071,0.1105,0,3.5912,1
40.6884,3.5143,3.4757,0.1197,0,3.5802,1
40.7884,3.5023,3.5120,0.1179,0,3.5737,1
40.8884,3.4903,3.5568,0.1243,0,3.5721,1
40.9884,3.4949,3.5985,0.1267,0,3.5746,1
41.0884,3.4999,3.5919,0.1232,0,3.5762,1
41.1884,3.5050,3.6023,0.1339,0,3.5787,1
41.2884,3.5100,3.4106,0.1390,0,3.5627,1
41.3884,3.5150,3.6132,0.1322,0,3.5675,1
41.4884,3.5201,3.4764,0.1362,0,3.5589,1
41.5884,3.5251,3.5710,0.1349,0,3.5600,1
41.6884,3.5301,3.5389,0.1341,0,3.5580,1
41.7884,3.5352,3.4539,0.1331,0,3.5481,1
41.8884,3.5400,3.5397,0.1272,0,3.5473,1
41.9884,3.5390,3.6151,0.1302,0,3.5538,1
42.0884,3.5380,3.5387,0.1245,0,3.5523,1
42.1884,3.5370,3.5949,0.1321,0,3.5564,1
42.2884,3.5360,3.5162,0.1207,0,3.5526,1
42.3884,3.5350,3.5426,0.1392,0,3.5516,1
42.4884,3.5340,3.5305,0.1343,0,3.5496,1
42.5884,3.5330,3.4254,0.1349,0,3.5378,1
42.6884,3.5320,3.6042,0.1203,0,3.5441,1
42.7884,3.5310,3.6715,0.1324,0,3.5562,1
42.8884,3.5303,3.4873,0.1330,0,3.5497,1
42.9884,3.5373,3.4480,0.1423,0,3.5400,1
43.0884,3.5443,3.5417,0.1310,0,3.5401,1
43.1884,3.5512,3.6076,0.1413,0,3.5466,1
43.2884,3.5582,3.5768,0.1313,0,3.5494,1
43.3884,3.5652,3.4668,0.1207,0,3.5416,1
43.4884,3.5722,3.4948,0.1193,0,3.5371,1
43.5884,3.5792,3.5150,0.1324,0,3.5350,1
43.6884,3.5861,3.5129,0.1281,0,3.5329,1
43.7884,3.5931,3.4998,0.1284,0,3.5298,1
43.8884,3.5999,3.6085,0.1234,0,3.5373,1
43.9884,3.5899,3.5170,0.1435,0,3.5353,1
44.0884,3.5800,3.4452,0.1512,0,3.5268,1
44.1884,3.5701,3.4430,0.1366,0,3.5188,1
44.2884,3.5601,3.5232,0.1325,0,3.5192,1
44.3884,3.5502,3.5923,0.1406,0,3.5262,1
44.4884,3.5403,3.4261,0.1496,0,3.5166,1
44.5884,3.5303,3.4064,0.1479,0,3.5062,1
44.6884,3.5204,3.3662,0.1483,0,3.4928,1
44.7884,3.5105,3.4069,0.1526,0,3.4847,1
44.8884,3.5005,3.4319,0.1486,0,3.4796,1
44.9884,3.4905,3.3810,0.1480,0,3.4703,1
45.0884,3.4804,3.3633,0.1479,0,3.4601,1
45.1884,3.4703,3.3312,0.1508,0,3.4478,1
45.2884,3.4602,3.2679,0.1642,0,3.4307,1
45.3884,3.4501,3.2663,0.1548,0,3.4150,1
45.4884,3.4401,3.2907,0.1384,0,3.4032,1
45.5884,3.4300,3.2861,0.1528,0,3.3921,1
45.6884,3.4199,3.2248,0.1667,0,3.3761,1
45.7884,3.4098,3.1614,0.1718,0,3.3557,1
45.8884,3.4001,3.3192,0.1629,0,3.3522,1
45.9884,3.4031,3.3685,0.1665,0,3.3538,1
46.0884,3.4061,3.3913,0.1768,0,3.3573,1
46.1884,3.4091,3.3279,0.1691,0,3.3545,1
46.2884,3.4121,3.3623,0.1760,0,3.3553,1
46.3884,3.4151,3.4006,0.1758,0,3.3596,1
46.4884,3.4181,3.4723,0.1749,0,3.3703,1
46.5884,3.4211,3.4209,0.1786,0,3.3751,1
46.6884,3.4241,3.5106,0.1824,0,3.3880,1
46.7884,3.4270,3.3901,0.1854,0,3.3882,1
46.8884,3.4308,3.4451,0.1895,0,3.3936,1
46.9884,3.4837,3.4212,0.1835,0,3.3963,1
47.0884,3.5367,3.4864,0.1823,0,3.4048,1
47.1884,3.5896,3.5622,0.1707,0,3.4198,1
47.2884,3.6426,3.5785,0.1708,0,3.4349,1
47.3884,3.6955,3.4147,0.1902,0,3.4330,1
47.4884,3.7485,3.5577,0.1865,0,3.4449,1
47.5884,3.8014,3.5671,0.1798,0,3.4565,1
47.6884,3.8544,3.7455,0.1705,0,3.4840,1
47.7884,3.9073,3.6901,0.1767,0,3.5036,1
47.8884,3.9600,3.7241,0.1974,0,3.5246,1
47.9884,3.9610,3.6925,0.1899,0,3.5406,1
48.0884,3.9620,3.7594,0.1877,0,3.5614,1
48.1884,3.9630,3.7401,0.1944,0,3.5784,1
48.2884,3.9640,3.7920,0.1796,0,3.5987,1
48.3884,3.9650,3.7695,0.1794,0,3.6150,1
48.4884,3.9660,3.7626,0.1693,0,3.6290,1
48.5884,3.9669,3.7206,0.1674,0,3.6377,1
48.6884,3.9679,3.5024,0.1811,0,3.6249,1
48.7884,3.9689,3.6007,0.1668,0,3.6226,1
48.8884,3.9699,3.6118,0.1598,0,3.6215,1
48.9884,3.9375,3.6495,0.1623,0,3.6242,1
49.0884,3.9020,3.6913,0.1564,0,3.6306,1
49.1884,3.8666,3.6772,0.1514,0,3.6350,1
49.2884,3.8311,3.6859,0.1543,0,3.6399,1
49.3884,3.7957,3.7617,0.1442,0,3.6515,1
49.4884,3.7602,3.7103,0.1494,0,3.6571,1
49.5884,3.7248,3.7269,0.1532,0,3.6637,1
49.6884,3.6893,3.6556,0.1634,0,3.6629,1
49.7884,3.6539,3.6864,0.1457,0,3.6652,1
49.8884,3.6196,3.7205,0.1457,0,3.6704,1
49.9884,3.6117,3.6107,0.1505,0,3.6648,1
50.0884,3.6038,3.6953,0.1488,0,3.6677,1
50.1884,3.5958,3.6860,0.1341,0,3.6694,1
50.2884,3.5879,3.6577,0.1356,0,3.6683,1
50.3884,3.5799,3.6262,0.1340,0,3.6643,1
50.4884,3.5720,3.6897,0.1396,0,3.6667,1
50.5884,3.5641,3.6832,0.1202,0,3.6683,1
50.6884,3.5561,3.7480,0.1253,0,3.6759,1
50.7884,3.5482,3.6808,0.1238,0,3.6763,1
50.8884,3.5402,3.6124,0.1337,0,3.6703,1
50.9884,3.5487,3.6755,0.1216,0,3.6708,1
51.0884,3.5577,3.8715,0.1159,0,3.6899,1
51.1884,3.5667,3.8020,0.1237,0,3.7005,1
51.2884,3.5757,3.7831,0.1331,0,3.7084,1
51.3884,3.5847,3.7317,0.1070,0,3.7106,1
51.4884,3.5937,3.6708,0.1234,0,3.7068,1
51.5884,3.6027,3.6937,0.1201,0,3.7056,1
51.6884,3.6117,3.7350,0.1143,0,3.7084,1
51.7884,3.6207,3.6889,0.1079,0,3.7065,1
51.8884,3.6297,3.7789,0.1224,0,3.7134,1
51.9884,3.6251,3.6494,0.1267,0,3.7073,1
52.0884,3.6201,3.6475,0.1236,0,3.7016,1
52.1884,3.6151,3.6767,0.1130,0,3.6992,1
52.2884,3.6101,3.7319,0.1223,0,3.7024,1
52.3884,3.6051,3.7151,0.1211,0,3.7036,1
52.4884,3.6001,3.6239,0.1112,0,3.6960,1
52.5884,3.5951,3.6820,0.1130,0,3.6947,1
52.6884,3.5901,3.7089,0.1141,0,3.6960,1
52.7884,3.5851,3.7444,0.1202,0,3.7006,1
52.8884,3.5801,3.7028,0.1083,0,3.7008,1
52.9884,3.5879,3.6382,0.1176,0,3.6949,1
53.0884,3.5958,3.6475,0.1254,0,3.6904,1
53.1884,3.6038,3.6642,0.1248,0,3.6879,1
53.2884,3.6118,3.7034,0.1167,0,3.6893,1
53.3884,3.6197,3.7164,0.1107,0,3.6919,1
53.4884,3.6277,3.6891,0.1194,0,3.6917,1
53.5884,3.6357,3.7506,0.1218,0,3.6973,1
53.6884,3.6436,3.6312,0.1188,0,3.6910,1
53.7884,3.6516,3.6272,0.1273,0,3.6849,1
53.8884,3.6596,3.7114,0.1193,0,3.6874,1
53.9884,3.6600,3.7677,0.1192,0,3.6951,1
54.0884,3.6600,3.6884,0.1230,0,3.6944,1
54.1884,3.6600,3.6642,0.1224,0,3.6915,1
54.2884,3.6600,3.6566,0.1200,0,3.6882,1
54.3884,3.6600,3.8011,0.1212,0,3.6990,1
54.4884,3.6600,3.7593,0.1198,0,3.7047,1
54.5884,3.6600,3.7024,0.1253,0,3.7045,1
54.6884,3.6600,3.6616,0.1255,0,3.7004,1
54.7884,3.6600,3.7435,0.1286,0,3.7045,1
54.8884,3.6600,3.6962,0.1427,0,3.7037,1
54.9884,3.6707,3.7256,0.1258,0,3.7058,1
55.0884,3.6817,3.6925,0.1403,0,3.7045,1
55.1884,3.6927,3.7714,0.1347,0,3.7109,1
55.2884,3.7036,3.6543,0.1473,0,3.7055,1
55.3884,3.7146,3.6787,0.1487,0,3.7030,1
55.4884,3.7256,3.7761,0.1266,0,3.7099,1
55.5884,3.7366,3.7487,0.1327,0,3.7136,1
55.6884,3.7476,3.7037,0.1395,0,3.7127,1
55.7884,3.7586,3.6194,0.1410,0,3.7038,1
55.8884,3.7695,3.6563,0.1331,0,3.6993,1
55.9884,3.7604,3.7046,0.1315,0,3.6998,1
56.0884,3.7504,3.6978,0.1288,0,3.6996,1
56.1884,3.7404,3.6430,0.1373,0,3.6942,1
56.2884,3.7303,3.7036,0.1386,0,3.6951,1
56.3884,3.7203,3.6265,0.1407,0,3.6886,1
56.4884,3.7103,3.6231,0.1474,0,3.6823,1
56.5884,3.7003,3.6835,0.1392,0,3.6825,1
56.6884,3.6902,3.6708,0.1430,0,3.6813,1
56.7884,3.6802,3.7061,0.1353,0,3.6837,1
56.8884,3.6702,3.6435,0.1308,0,3.6799,1
56.9884,3.6758,3.5903,0.1361,0,3.6714,1
57.0884,3.6818,3.7725,0.1268,0,3.6810,1
57.1884,3.6878,3.7144,0.1192,0,3.6842,1
57.2884,3.6937,3.7196,0.1171,0,3.6875,1
57.3884,3.6997,3.6614,0.1195,0,3.6850,1
57.4884,3.7057,3.6120,0.1286,0,3.6781,1
57.5884,3.7116,3.5794,0.1331,0,3.6687,1
57.6884,3.7176,3.6476,0.1329,0,3.6667,1
57.7884,3.7236,3.6529,0.1295,0,3.6654,1
57.8884,3.7295,3.6647,0.1400,0,3.6653,1
57.9884,3.6844,3.5989,0.1402,0,3.6590,1
58.0884,3.6350,3.5937,0.1383,0,3.6528,1
58.1884,3.5856,3.6494,0.1404,0,3.6525,1
58.2884,3.5362,3.5755,0.1442,0,3.6451,1
58.3884,3.4868,3.6881,0.1419,0,3.6492,1
58.4884,3.4374,3.5556,0.1407,0,3.6403,1
58.5884,3.3880,3.6210,0.1362,0,3.6385,1
58.6884,3.3386,3.6141,0.1434,0,3.6362,1
58.7884,3.2892,3.6331,0.1297,0,3.6359,1
58.8884,3.2402,3.6553,0.1286,0,3.6377,1
58.9884,3.2911,3.6229,0.1323,0,3.6363,1
59.0884,3.3420,3.4909,0.1424,0,3.6225,1
59.1884,3.3929,3.5227,0.1392,0,3.6130,1
59.2884,3.4438,3.5846,0.1296,0,3.6103,1
59.3884,3.4947,3.6391,0.1273,0,3.6130,1
59.4884,3.5457,3.5590,0.1385,0,3.6079,1
59.5884,3.5966,3.5468,0.1366,0,3.6021,1
59.6884,3.6475,3.4803,0.1401,0,3.5905,1
59.7884,3.6984,3.6003,0.1281,0,3.5914,1
59.8884,3.7493,3.5271,0.1299,0,3.5853,1
59.9884,3.7412,3.5731,0.1227,0,3.5841,1
60.0884,3.7322,3.6039,0.1103,0,3.5860,1
60.1884,3.7232,3.5435,0.1180,0,3.5820,1
60.2884,3.7142,3.5099,0.1156,0,3.5751,1
60.3884,3.7053,3.5337,0.1048,0,3.5712,1
60.4884,3.6963,3.5611,0.1065,0,3.5702,1
60.5884,3.6873,3.5886,0.1059,0,3.5719,1
60.6884,3.6784,3.4617,0.1129,0,3.5615,1
60.7884,3.6694,3.4476,0.1077,0,3.5506,1
60.8884,3.6604,3.5326,0.1028,0,3.5489,1
60.9884,3.6495,3.5266,0.0994,0,3.5468,1
61.0884,3.6385,3.5349,0.1040,0,3.5457,1
61.1884,3.6275,3.5096,0.1059,0,3.5422,1
61.2884,3.6165,3.4403,0.1050,0,3.5325,1
61.3884,3.6055,3.5328,0.1060,0,3.5326,1
61.4884,3.5945,3.5530,0.1066,0,3.5345,1
61.5884,3.5835,3.5415,0.1102,0,3.5352,1
61.6884,3.5724,3.5139,0.1119,0,3.5331,1
61.7884,3.5614,3.5366,0.1089,0,3.5335,1
61.8884,3.5504,3.5337,0.1169,0,3.5335,1
61.9884,3.5471,3.5286,0.1145,0,3.5330,1
62.0884,3.5441,3.5116,0.1086,0,3.5310,1
62.1884,3.5411,3.5666,0.1084,0,3.5344,1
62.2884,3.5381,3.5003,0.1122,0,3.5311,1
62.3884,3.5351,3.4751,0.1102,0,3.5258,1
62.4884,3.5321,3.4125,0.1131,0,3.5150,1
62.5884,3.5291,3.4939,0.1071,0,3.5130,1
62.6884,3.5261,3.5501,0.1090,0,3.5165,1
62.7884,3.5231,3.5003,0.1182,0,3.5150,1
62.8884,3.5201,3.4148,0.1128,0,3.5055,1
62.9884,3.5210,3.4318,0.1193,0,3.4985,1
63.0884,3.5220,3.5505,0.1094,0,3.5034,1
63.1884,3.5230,3.5603,0.1127,0,3.5088,1
63.2884,3.5240,3.5749,0.1024,0,3.5151,1
63.3884,3.5250,3.5974,0.1057,0,3.5229,1
63.4884,3.5260,3.5287,0.1144,0,3.5235,1
63.5884,3.5270,3.5084,0.1212,0,3.5220,1
63.6884,3.5280,3.5428,0.1063,0,3.5240,1
63.7884,3.5290,3.5963,0.1130,0,3.5309,1
63.8884,3.5299,3.5933,0.1083,0,3.5368,1
63.9884,3.5259,3.5569,0.1023,0,3.5387,1
64.0884,3.5219,3.5142,0.1074,0,3.5364,1
64.1884,3.5179,3.5384,0.1059,0,3.5366,1
64.2884,3.5139,3.5525,0.1069,0,3.5381,1
64.3884,3.5099,3.5529,0.1094,0,3.5395,1
64.4884,3.5059,3.5189,0.1048,0,3.5375,1
64.5884,3.5019,3.4843,0.1132,0,3.5325,1
64.6884,3.4979,3.5116,0.1203,0,3.5305,1
64.7884,3.4939,3.4885,0.1133,0,3.5265,1
64.8884,3.4906,3.6066,0.1071,0,3.5341,1
64.9884,3.5165,3.6136,0.1188,0,3.5417,1
65.0884,3.5424,3.5635,0.1177,0,3.5438,1
65.1884,3.5684,3.5798,0.1160,0,3.5472,1
65.2884,3.5943,3.5076,0.1162,0,3.5434,1
65.3884,3.6202,3.5690,0.1179,0,3.5459,1
65.4884,3.6461,3.6355,0.1185,0,3.5544,1
65.5884,3.6720,3.5266,0.1107,0,3.5517,1
65.6884,3.6980,3.4471,0.1205,0,3.5418,1
65.7884,3.7239,3.4498,0.1223,0,3.5330,1
65.8884,3.7498,3.5162,0.1228,0,3.5314,1
65.9884,3.7231,3.5586,0.1122,0,3.5340,1
66.0884,3.6959,3.4545,0.1139,0,3.5264,1
66.1884,3.6688,3.4779,0.1126,0,3.5218,1
66.2884,3.6416,3.5033,0.1190,0,3.5201,1
66.3884,3.6145,3.4253,0.1170,0,3.5110,1
66.4884,3.5874,3.5069,0.1190,0,3.5106,1
66.5884,3.5602,3.5104,0.1081,0,3.5106,1
66.6884,3.5331,3.5362,0.1142,0,3.5131,1
66.7884,3.5059,3.5390,0.1114,0,3.5155,1
66.8884,3.4800,3.3208,0.1200,0,3.4970,1
66.9884,3.4810,3.4651,0.1082,0,3.4940,1
67.0884,3.4820,3.5401,0.1065,0,3.4984,1
67.1884,3.4830,3.5156,0.0988,0,3.5000,1
67.2884,3.4840,3.4065,0.1133,0,3.4911,1
67.3884,3.4850,3.3968,0.1081,0,3.4821,1
67.4884,3.4860,3.3749,0.1098,0,3.4719,1
67.5884,3.4870,3.4489,0.1071,0,3.4697,1
67.6884,3.4880,3.4529,0.1124,0,3.4681,1
67.7884,3.4890,3.4463,0.1024,0,3.4661,1
67.8884,3.4900,3.4793,0.1049,0,3.4673,1
67.9884,3.4900,3.3915,0.1072,0,3.4601,1
68.0884,3.4900,3.3749,0.1208,0,3.4520,1
68.1884,3.4900,3.4241,0.1106,0,3.4493,1
68.2884,3.4900,3.4790,0.1037,0,3.4522,1
68.3884,3.4900,3.4936,0.1131,0,3.4561,1
68.4884,3.4900,3.4235,0.1253,0,3.4530,1
68.5884,3.4900,3.2852,0.1244,0,3.4370,1
68.6884,3.4900,3.4209,0.1172,0,3.4355,1
68.7884,3.4900,3.5161,0.1152,0,3.4432,1
68.8884,3.4900,3.3991,0.1251,0,3.4390,1
68.9884,3.4919,3.4562,0.1203,0,3.4406,1
69.0884,3.4939,3.4189,0.1132,0,3.4386,1
69.1884,3.4959,3.4157,0.1198,0,3.4364,1
69.2884,3.4979,3.4654,0.1192,0,3.4391,1
69.3884,3.4999,3.4809,0.1137,0,3.4431,1
69.4884,3.5019,3.5114,0.1160,0,3.4496,1
69.5884,3.5039,3.5476,0.1168,0,3.4589,1
69.6884,3.5059,3.3715,0.1247,0,3.4506,1
69.7884,3.5078,3.4364,0.1213,0,3.4493,1
69.8884,3.5098,3.4860,0.1167,0,3.4528,1
69.9884,3.5128,3.4608,0.1263,0,3.4535,1
70.0884,3.5158,3.4576,0.1367,0,3.4539,1
70.1884,3.5188,3.4524,0.1421,0,3.4538,1
70.2884,3.5218,3.4140,0.1613,0,3.4500,1
70.3884,3.5248,3.5394,0.1581,0,3.4585,1
70.4884,3.5278,3.4915,0.1545,0,3.4616,1
70.5884,3.5308,3.6318,0.1454,0,3.4778,1
70.6884,3.5339,3.4641,0.1604,0,3.4765,1
70.7884,3.5369,3.5510,0.1632,0,3.4836,1
70.8884,3.5399,3.5161,0.1556,0,3.4867,1
70.9884,3.5429,3.5985,0.1490,0,3.4973,1
71.0884,3.5459,3.5631,0.1452,0,3.5036,1
71.1884,3.5489,3.6235,0.1491,0,3.5150,1
71.2884,3.5518,3.4727,0.1603,0,3.5110,1
71.3884,3.5548,3.5860,0.1610,0,3.5181,1
71.4884,3.5578,3.4517,0.1689,0,3.5118,1
71.5884,3.5608,3.6449,0.1774,0,3.5245,1
71.6884,3.5638,3.5270,0.1655,0,3.5247,1
71.7884,3.5668,3.5481,0.1697,0,3.5269,1
71.8884,3.5698,3.4768,0.1748,0,3.5222,1
71.9884,3.5691,3.5135,0.1835,0,3.5213,1
72.0884,3.5681,3.4965,0.1787,0,3.5190,1
72.1884,3.5670,3.7028,0.1631,0,3.5365,1
72.2884,3.5660,3.4417,0.1780,0,3.5274,1
72.3884,3.5650,3.6479,0.1841,0,3.5389,1
72.4884,3.5640,3.4757,0.1660,0,3.5329,1
72.5884,3.5630,3.5452,0.1455,0,3.5341,1
72.6884,3.5620,3.4656,0.1391,0,3.5276,1
72.7884,3.5610,3.6218,0.1415,0,3.5365,1
72.8884,3.5611,3.5794,0.1279,0,3.5406,1
72.9884,3.5839,3.6317,0.1218,0,3.5493,1
73.0884,3.6067,3.4922,0.1305,0,3.5438,1
73.1884,3.6296,3.5784,0.1365,0,3.5471,1
73.2884,3.6524,3.5940,0.1238,0,3.5516,1
73.3884,3.6753,3.6019,0.1177,0,3.5564,1
73.4884,3.6981,3.6239,0.1215,0,3.5628,1
73.5884,3.7209,3.5560,0.1363,0,3.5622,1
73.6884,3.7438,3.6826,0.1132,0,3.5736,1
73.7884,3.7666,3.6890,0.1131,0,3.5846,1
73.8884,3.7895,3.6356,0.1148,0,3.5895,1
73.9884,3.7880,3.5743,0.1198,0,3.5880,1
74.0884,3.7860,3.6042,0.1113,0,3.5896,1
74.1884,3.7840,3.5730,0.1116,0,3.5880,1
74.2884,3.7820,3.6006,0.1173,0,3.5892,1
74.3884,3.7800,3.5757,0.1159,0,3.5879,1
74.4884,3.7780,3.7372,0.1052,0,3.6021,1
74.5884,3.7760,3.6760,0.1072,0,3.6091,1
74.6884,3.7740,3.6748,0.1152,0,3.6154,1
74.7884,3.7720,3.6068,0.1221,0,3.6146,1
74.8884,3.7701,3.7849,0.1109,0,3.6308,1
74.9884,3.7781,3.7293,0.1140,0,3.6402,1
75.0884,3.7861,3.7358,0.1149,0,3.6493,1
75.1884,3.7941,3.6061,0.1195,0,3.6451,1
75.2884,3.8021,3.8383,0.1164,0,3.6635,1
75.3884,3.8101,3.6531,0.1175,0,3.6625,1
75.4884,3.8181,3.7987,0.1093,0,3.6755,1
75.5884,3.8261,3.6048,0.1182,0,3.6688,1
75.6884,3.8340,3.6617,0.1120,0,3.6681,1
75.7884,3.8420,3.6148,0.1171,0,3.6630,1
75.8884,3.8500,3.7013,0.1230,0,3.6667,1
75.9884,3.8400,3.6402,0.1146,0,3.6641,1
76.0884,3.8299,3.7609,0.1163,0,3.6733,1
76.1884,3.8199,3.6610,0.1199,0,3.6722,1
76.2884,3.8099,3.7724,0.1197,0,3.6817,1
76.3884,3.7999,3.6773,0.1161,0,3.6813,1
76.4884,3.7899,3.7874,0.1169,0,3.6914,1
76.5884,3.7799,3.7958,0.1129,0,3.7013,1
76.6884,3.7699,3.8448,0.1212,0,3.7150,1
76.7884,3.7599,3.7467,0.1174,0,3.7180,1
76.8884,3.7497,3.8237,0.1122,0,3.7281,1
76.9884,3.7146,3.8128,0.1176,0,3.7361,1
77.0884,3.6796,3.8821,0.1077,0,3.7500,1
77.1884,3.6445,3.7550,0.1151,0,3.7505,1
77.2884,3.6095,3.7790,0.1193,0,3.7532,1
77.3884,3.5744,3.7454,0.1166,0,3.7525,1
77.4884,3.5394,3.8444,0.1197,0,3.7612,1
77.5884,3.5044,3.7830,0.1142,0,3.7633,1
77.6884,3.4693,3.8305,0.1114,0,3.7697,1
77.7884,3.4343,3.8916,0.1196,0,3.7813,1
77.8884,3.4008,3.8761,0.1264,0,3.7903,1
77.9884,3.4376,3.9152,0.1333,0,3.8022,1
78.0884,3.4744,3.9996,0.1395,0,3.8210,1
78.1884,3.5112,4.0087,0.1450,0,3.8388,1
78.2884,3.5481,3.9521,0.1390,0,3.8496,1
78.3884,3.5849,3.9080,0.1423,0,3.8552,1
78.4884,3.6217,3.9249,0.1398,0,3.8618,1
78.5884,3.6585,3.9859,0.1543,0,3.8736,1
78.6884,3.6953,3.9899,0.1509,0,3.8847,1
78.7884,3.7321,3.9865,0.1705,0,3.8944,1
78.8884,3.7689,3.9702,0.1727,0,3.9016,1
78.9884,3.7574,3.8817,0.1865,0,3.8997,1
79.0884,3.7444,3.8970,0.1804,0,3.8994,1
79.1884,3.7315,3.9175,0.1785,0,3.9012,1
79.2884,3.7185,3.8947,0.1608,0,3.9005,1
79.3884,3.7055,3.9703,0.1835,0,3.9072,1
79.4884,3.6925,3.8812,0.1849,0,3.9047,1
79.5884,3.6795,3.9599,0.2036,0,3.9100,1
79.6884,3.6666,3.9414,0.1852,0,3.9130,1
79.7884,3.6536,3.9001,0.2044,0,3.9117,1
79.8884,3.6406,3.8663,0.1850,0,3.9074,1
79.9884,3.6515,3.8795,0.1996,0,3.9048,1
80.0884,3.6636,3.8139,0.1759,0,3.8961,1
80.1884,3.6758,3.8835,0.1854,0,3.8949,1
80.2884,3.6879,3.7528,0.1806,0,3.8814,1
80.3884,3.7000,3.7977,0.1958,0,3.8734,1
80.4884,3.7121,3.7130,0.1758,0,3.8581,1
80.5884,3.7242,3.7215,0.1686,0,3.8451,1
80.6884,3.7363,3.7103,0.1766,0,3.8323,1
80.7884,3.7484,3.8600,0.1888,0,3.8349,1
80.8884,3.7599,3.7137,0.1602,0,3.8234,1
80.9884,3.7569,3.7869,0.1526,0,3.8199,1
81.0884,3.7539,3.6208,0.1559,0,3.8010,1
81.1884,3.7509,3.7561,0.1531,0,3.7967,1
81.2884,3.7479,3.7265,0.1422,0,3.7900,1
81.3884,3.7449,3.7675,0.1373,0,3.7879,1
81.4884,3.7419,3.7125,0.1326,0,3.7807,1
81.5884,3.7389,3.7061,0.1430,0,3.7736,1
81.6884,3.7359,3.6321,0.1378,0,3.7601,1
81.7884,3.7329,3.7265,0.1254,0,3.7569,1
81.8884,3.7300,3.6188,0.1432,0,3.7438,1
81.9884,3.7300,3.6513,0.1299,0,3.7350,1
82.0884,3.7300,3.6340,0.1381,0,3.7254,1
82.1884,3.7300,3.7035,0.1221,0,3.7233,1
82.2884,3.7300,3.5824,0.1468,0,3.7099,1
82.3884,3.7300,3.7294,0.1275,0,3.7117,1
82.4884,3.7300,3.7130,0.1383,0,3.7119,1
82.5884,3.7300,3.6722,0.1262,0,3.7081,1
82.6884,3.7300,3.6544,0.1377,0,3.7030,1
82.7884,3.7300,3.6685,0.1322,0,3.6997,1
82.8884,3.7302,3.7602,0.1312,0,3.7055,1
82.9884,3.7501,3.7891,0.1242,0,3.7134,1
83.0884,3.7700,3.7238,0.1295,0,3.7144,1
83.1884,3.7899,3.7048,0.1210,0,3.7135,1
83.2884,3.8098,3.6744,0.1371,0,3.7098,1
83.3884,3.8297,3.7286,0.1228,0,3.7116,1
83.4884,3.8496,3.7516,0.1315,0,3.7154,1
83.5884,3.8695,3.6807,0.1224,0,3.7121,1
83.6884,3.8894,3.6228,0.1447,0,3.7036,1
83.7884,3.9093,3.6340,0.1365,0,3.6970,1
83.8884,3.9292,3.6331,0.1509,0,3.6909,1
83.9884,3.9386,3.6807,0.1313,0,3.6899,1
84.0884,3.9477,3.7698,0.1374,0,3.6975,1
84.1884,3.9567,3.8248,0.1251,0,3.7096,1
84.2884,3.9657,3.7300,0.1371,0,3.7116,1
84.3884,3.9747,3.8517,0.1253,0,3.7249,1
84.4884,3.9838,3.7422,0.1419,0,3.7266,1
84.5884,3.9928,3.8625,0.1202,0,3.7395,1
84.6884,4.0018,3.7654,0.1299,0,3.7420,1
84.7884,4.0108,3.8358,0.1165,0,3.7509,1
84.8884,4.0199,3.8056,0.1265,0,3.7561,1
84.9884,4.0259,3.9091,0.1213,0,3.7707,1
85.0884,4.0319,3.8316,0.1204,0,3.7764,1
85.1884,4.0380,3.9135,0.1214,0,3.7895,1
85.2884,4.0440,3.7937,0.1327,0,3.7899,1
85.3884,4.0500,3.8713,0.1282,0,3.7976,1
85.4884,4.0560,3.8557,0.1280,0,3.8032,1
85.5884,4.0621,3.8715,0.1239,0,3.8097,1
85.6884,4.0681,3.8683,0.1249,0,3.8153,1
85.7884,4.0741,3.9119,0.1181,0,3.8244,1
85.8884,4.0796,3.8188,0.1202,0,3.8239,1
85.9884,4.0608,4.0078,0.1201,0,3.8414,1
86.0884,4.0419,3.9438,0.1172,0,3.8511,1
86.1884,4.0231,3.9290,0.1195,0,3.8586,1
86.2884,4.0042,3.9564,0.1139,0,3.8679,1
86.3884,3.9854,3.9828,0.1156,0,3.8788,1
86.4884,3.9666,3.9091,0.1237,0,3.8817,1
86.5884,3.9477,3.8503,0.1167,0,3.8787,1
86.6884,3.9289,3.8116,0.1180,0,3.8723,1
86.7884,3.9101,3.9240,0.1158,0,3.8772,1
86.8884,3.8912,3.8742,0.1131,0,3.8769,1
86.9884,3.8778,3.8627,0.1203,0,3.8756,1
87.0884,3.8647,3.9402,0.1084,0,3.8817,1
87.1884,3.8517,3.8305,0.1167,0,3.8769,1
87.2884,3.8386,3.8402,0.1133,0,3.8734,1
87.3884,3.8256,3.7919,0.1105,0,3.8656,1
87.4884,3.8125,3.8333,0.1173,0,3.8625,1
87.5884,3.7995,3.7602,0.1247,0,3.8528,1
87.6884,3.7865,3.7276,0.1112,0,3.8409,1
87.7884,3.7734,3.7017,0.1158,0,3.8276,1
87.8884,3.7604,3.8455,0.1029,0,3.8293,1
87.9884,3.7532,3.7851,0.1061,0,3.8251,1
88.0884,3.7462,3.7878,0.1100,0,3.8216,1
88.1884,3.7391,3.7262,0.1117,0,3.8125,1
88.2884,3.7321,3.7179,0.1150,0,3.8035,1
88.3884,3.7251,3.7078,0.1129,0,3.7944,1
88.4884,3.7181,3.7379,0.1061,0,3.7890,1
88.5884,3.7111,3.7045,0.1144,0,3.7810,1
88.6884,3.7041,3.7149,0.1064,0,3.7747,1
88.7884,3.6971,3.6789,0.1042,0,3.7656,1
88.8884,3.6900,3.7593,0.0983,0,3.7650,1
88.9884,3.6830,3.7334,0.1058,0,3.7620,1
89.0884,3.6760,3.7474,0.1043,0,3.7606,1
89.1884,3.6690,3.7512,0.1076,0,3.7597,1
89.2884,3.6620,3.7254,0.1065,0,3.7564,1
89.3884,3.6549,3.6883,0.1173,0,3.7500,1
89.4884,3.6479,3.7031,0.1125,0,3.7455,1
89.5884,3.6409,3.7208,0.1063,0,3.7431,1
89.6884,3.6339,3.7725,0.1067,0,3.7459,1
89.7884,3.6269,3.7124,0.1113,0,3.7427,1
89.8884,3.6200,3.6816,0.1235,0,3.7369,1
89.9884,3.6210,3.6604,0.1243,0,3.7296,1
90.0884,3.6220,3.6836,0.1193,0,3.7253,1
90.1884,3.6230,3.7277,0.1259,0,3.7255,1
90.2884,3.6240,3.6785,0.1249,0,3.7210,1
90.3884,3.6250,3.6737,0.1179,0,3.7165,1
90.4884,3.6260,3.7350,0.1167,0,3.7183,1
90.5884,3.6270,3.7264,0.1151,0,3.7190,1
90.6884,3.6280,3.7209,0.1132,0,3.7192,1
90.7884,3.6290,3.6923,0.1174,0,3.7167,1
90.8884,3.6300,3.6464,0.1205,0,3.7100,1
90.9884,3.6204,3.6960,0.1182,0,3.7087,1
91.0884,3.6103,3.6331,0.1256,0,3.7015,1
91.1884,3.6003,3.6771,0.1128,0,3.6992,1
91.2884,3.5902,3.7620,0.1148,0,3.7051,1
91.3884,3.5802,3.6887,0.1178,0,3.7036,1
91.4884,3.5701,3.6493,0.1318,0,3.6984,1
91.5884,3.5601,3.5803,0.1296,0,3.6872,1
91.6884,3.5500,3.6961,0.1217,0,3.6880,1
91.7884,3.5400,3.6954,0.1228,0,3.6887,1
91.8884,3.5301,3.6596,0.1266,0,3.6859,1
91.9884,3.5440,3.5994,0.1248,0,3.6777,1
92.0884,3.5579,3.6917,0.1182,0,3.6790,1
92.1884,3.5718,3.6766,0.1277,0,3.6788,1
92.2884,3.5857,3.6673,0.1194,0,3.6777,1
92.3884,3.5997,3.6412,0.1166,0,3.6742,1
92.4884,3.6136,3.6736,0.1103,0,3.6742,1
92.5884,3.6275,3.5942,0.1240,0,3.6666,1
92.6884,3.6414,3.5676,0.1244,0,3.6571,1
92.7884,3.6553,3.6134,0.1174,0,3.6530,1
92.8884,3.6692,3.6840,0.1143,0,3.6559,1
92.9884,3.6662,3.5778,0.1245,0,3.6485,1
93.0884,3.6622,3.5864,0.1267,0,3.6426,1
93.1884,3.6582,3.5277,0.1274,0,3.6317,1
93.2884,3.6542,3.6489,0.1251,0,3.6333,1
93.3884,3.6502,3.6353,0.1305,0,3.6335,1
93.4884,3.6462,3.6487,0.1271,0,3.6349,1
93.5884,3.6422,3.5830,0.1254,0,3.6300,1
93.6884,3.6383,3.6254,0.1243,0,3.6296,1
93.7884,3.6343,3.6106,0.1320,0,3.6277,1
93.8884,3.6303,3.6478,0.1186,0,3.6297,1
93.9884,3.6244,3.6290,0.1100,0,3.6296,1
94.0884,3.6184,3.6619,0.1205,0,3.6327,1
94.1884,3.6124,3.5488,0.1308,0,3.6247,1
94.2884,3.6064,3.5278,0.1296,0,3.6155,1
94.3884,3.6004,3.6037,0.1215,0,3.6143,1
94.4884,3.5944,3.6575,0.1207,0,3.6185,1
94.5884,3.5884,3.5869,0.1302,0,3.6155,1
94.6884,3.5824,3.6556,0.1185,0,3.6193,1
94.7884,3.5764,3.5148,0.1254,0,3.6093,1
94.8884,3.5704,3.5298,0.1355,0,3.6018,1
94.9884,3.5577,3.5747,0.1323,0,3.5992,1
95.0884,3.5446,3.6158,0.1208,0,3.6008,1
95.1884,3.5315,3.5243,0.1229,0,3.5935,1
95.2884,3.5184,3.5235,0.1333,0,3.5868,1
95.3884,3.5053,3.4500,0.1347,0,3.5738,1
95.4884,3.4922,3.5742,0.1196,0,3.5738,1
95.5884,3.4791,3.4822,0.1341,0,3.5651,1
95.6884,3.4660,3.4953,0.1246,0,3.5585,1
95.7884,3.4529,3.4439,0.1275,0,3.5476,1
95.8884,3.4402,3.4693,0.1261,0,3.5401,1
95.9884,3.4542,3.4793,0.1368,0,3.5343,1
96.0884,3.4682,3.6097,0.1274,0,3.5415,1
96.1884,3.4821,3.4798,0.1252,0,3.5356,1
96.2884,3.4961,3.5057,0.1216,0,3.5328,1
96.3884,3.5101,3.4221,0.1396,0,3.5222,1
96.4884,3.5241,3.4907,0.1308,0,3.5192,1
96.5884,3.5380,3.4240,0.1417,0,3.5102,1
96.6884,3.5520,3.5715,0.1211,0,3.5160,1
96.7884,3.5660,3.4925,0.1334,0,3.5138,1
96.8884,3.5799,3.6126,0.1213,0,3.5232,1
96.9884,3.5750,3.4073,0.1266,0,3.5122,1
97.0884,3.5700,3.4353,0.1240,0,3.5048,1
97.1884,3.5650,3.4374,0.1334,0,3.4984,1
97.2884,3.5600,3.5922,0.1161,0,3.5073,1
97.3884,3.5550,3.4890,0.1225,0,3.5056,1
97.4884,3.5500,3.5006,0.1142,0,3.5051,1
97.5884,3.5449,3.4528,0.1242,0,3.5001,1
97.6884,3.5399,3.6299,0.1167,0,3.5125,1
97.7884,3.5349,3.5435,0.1141,0,3.5154,1
97.8884,3.5301,3.5506,0.1102,0,3.5188,1
97.9884,3.5351,3.4965,0.1220,0,3.5167,1
98.0884,3.5401,3.6118,0.1082,0,3.5257,1
98.1884,3.5451,3.4939,0.1166,0,3.5227,1
98.2884,3.5501,3.5992,0.1049,0,3.5300,1
98.3884,3.5551,3.4931,0.1149,0,3.5265,1
98.4884,3.5601,3.5830,0.1071,0,3.5319,1
98.5884,3.5651,3.5102,0.1076,0,3.5298,1
98.6884,3.5701,3.4414,0.1087,0,3.5214,1
98.7884,3.5751,3.4624,0.1180,0,3.5158,1
98.8884,3.5799,3.5471,0.1075,0,3.5188,1
98.9884,3.5709,3.4931,0.1078,0,3.5163,1
99.0884,3.5619,3.5185,0.1050,0,3.5165,1
99.1884,3.5529,3.4557,0.1096,0,3.5107,1
99.2884,3.5439,3.4669,0.1141,0,3.5066,1
99.3884,3.5350,3.4651,0.1096,0,3.5026,1
99.4884,3.5260,3.5344,0.1075,0,3.5056,1
99.5884,3.5170,3.4513,0.1102,0,3.5005,1
99.6884,3.5080,3.5262,0.1075,0,3.5029,1
99.7884,3.4990,3.4110,0.1079,0,3.4942,1
99.8884,3.4900,3.4807,0.1098,0,3.4929,1
99.9884,3.4722,3.4333,0.1048,0,3.4872,1
100.0884,3.4544,3.5518,0.1076,0,3.4934,1
100.1884,3.4365,3.4836,0.1029,0,3.4924,1
100.2884,3.4187,3.5075,0.1089,0,3.4939,1
100.3884,3.4008,3.3710,0.1088,0,3.4822,1
100.4884,3.3830,3.5000,0.1095,0,3.4839,1
100.5884,3.3651,3.5525,0.1002,0,3.4904,1
100.6884,3.3473,3.4937,0.1087,0,3.4907,1
100.7884,3.3294,3.4587,0.0997,0,3.4877,1
100.8884,3.3116,3.4930,0.1116,0,3.4882,1
100.9884,3.3312,3.3844,0.1075,0,3.4783,1
101.0884,3.3545,3.4953,0.1095,0,3.4799,1
101.1884,3.3777,3.4748,0.0988,0,3.4794,1
101.2884,3.4010,3.5141,0.1073,0,3.4827,1
101.3884,3.4242,3.5062,0.1060,0,3.4850,1
101.4884,3.4475,3.4197,0.1112,0,3.4788,1
101.5884,3.4708,3.4053,0.1023,0,3.4718,1
101.6884,3.4940,3.4877,0.1097,0,3.4733,1
101.7884,3.5173,3.5021,0.1033,0,3.4760,1
101.8884,3.5398,3.4966,0.1107,0,3.4780,1
101.9884,3.5319,3.4525,0.1058,0,3.4756,1
102.0884,3.5240,3.4291,0.1119,0,3.4711,1
102.1884,3.5160,3.4117,0.1155,0,3.4655,1
102.2884,3.5081,3.4759,0.1186,0,3.4665,1
102.3884,3.5002,3.4846,0.1088,0,3.4682,1
102.4884,3.4923,3.4142,0.1211,0,3.4631,1
102.5884,3.4843,3.4094,0.1181,0,3.4580,1
102.6884,3.4764,3.3772,0.1383,0,3.4503,1
102.7884,3.4685,3.3879,0.1197,0,3.4443,1
102.8884,3.4606,3.4089,0.1216,0,3.4410,1
102.9884,3.4347,3.3438,0.1281,0,3.4317,1
103.0884,3.4075,3.3663,0.1291,0,3.4255,1
103.1884,3.3803,3.2892,0.1302,0,3.4125,1
103.2884,3.3531,3.3095,0.1260,0,3.4027,1
103.3884,3.3259,3.2653,0.1267,0,3.3896,1
103.4884,3.2987,3.3335,0.1269,0,3.3843,1
103.5884,3.2714,3.2488,0.1252,0,3.3714,1
103.6884,3.2442,3.2460,0.1357,0,3.3595,1
103.7884,3.2170,3.1285,0.1351,0,3.3375,1
103.8884,3.1898,3.2040,0.1401,0,3.3248,1
103.9884,3.1600,3.2527,0.1389,0,3.3179,1
104.0884,3.1302,3.2548,0.1347,0,3.3119,1
104.1884,3.1005,3.1407,0.1289,0,3.2956,1
104.2884,3.0707,3.2223,0.1259,0,3.2886,1
104.3884,3.0409,3.2325,0.1283,0,3.2833,1
104.4884,3.0111,3.1125,0.1410,0,3.2671,1
104.5884,2.9814,3.0738,0.1307,0,3.2487,1
104.6884,2.9516,3.0351,0.1441,0,3.2283,1
104.7884,2.9218,2.9808,0.1432,0,3.2048,1
104.8884,2.8920,2.9875,0.1396,0,3.1841,1
104.9884,2.8620,2.9322,0.1324,0,3.1601,1
105.0884,2.8320,3.0378,0.1226,0,3.1485,1
105.1884,2.8020,3.0622,0.1320,0,3.1403,1
105.2884,2.7719,2.9241,0.1413,0,3.1197,1
105.3884,2.7419,2.8172,0.1383,0,3.0909,1
105.4884,2.7119,2.8680,0.1377,0,3.0697,1
105.5884,2.6819,2.8594,0.1374,0,3.0497,1
105.6884,2.6518,2.8342,0.1421,0,3.0292,1
105.7884,2.6218,2.7625,0.1426,0,3.0038,1
105.8884,2.5918,2.7996,0.1437,0,2.9844,1
105.9884,2.5607,2.7117,0.1580,0,2.9584,1
106.0884,2.5296,2.6154,0.1638,0,2.9258,1
106.1884,2.4985,2.5541,0.1628,0,2.8904,1
106.2884,2.4673,2.5765,0.1673,0,2.8605,1
106.3884,2.4362,2.6231,0.1573,0,2.8379,1
106.4884,2.4051,2.4944,0.1668,0,2.8053,1
106.5884,2.3740,2.5523,0.1570,0,2.7812,1
106.6884,2.3428,2.4762,0.1797,0,2.7522,1
106.7884,2.3117,2.4373,0.1841,0,2.7222,1
106.8884,2.2806,2.5068,0.1745,0,2.7017,1
106.9884,2.2722,2.4497,0.1781,0,2.6777,1
107.0884,2.2642,2.4059,0.1921,0,2.6519,1
107.1884,2.2562,2.4292,0.1767,0,2.6307,1
107.2884,2.2483,2.4133,0.1892,0,2.6100,1
107.3884,2.2403,2.3766,0.1870,0,2.5878,1
107.4884,2.2323,2.2858,0.1994,0,2.5590,1
107.5884,2.2243,2.2188,0.2133,0,2.5267,1
107.6884,2.2164,2.3364,0.2077,0,2.5086,1
107.7884,2.2084,2.2633,0.2154,0,2.4852,1
107.8884,2.2004,2.2505,0.2294,0,2.4629,1
107.9884,2.1419,2.1017,0.2336,0,2.4285,1
108.0884,2.0807,2.1491,0.2382,0,2.4019,1
108.1884,2.0194,1.9597,0.2341,0,2.3598,1
108.2884,1.9582,1.9318,0.2359,0,2.3191,1
108.3884,1.8969,1.8440,0.2255,0,2.2739,1
108.4884,1.8356,1.9695,0.2408,0,2.2449,1
108.5884,1.7744,1.8929,0.2535,0,2.2114,1
108.6884,1.7131,1.8965,0.2553,0,2.1815,1
108.7884,1.6519,1.4987,0.2497,0,2.1165,1
108.8884,1.5906,1.6179,0.2733,0,2.0690,1
108.9884,1.5164,1.4111,0.2695,0,2.0064,1
109.0884,1.4421,1.3963,0.2715,0,1.9484,1
109.1884,1.3678,1.2232,0.2557,0,1.8794,1
109.2884,1.2935,1.1699,0.2744,0,1.8118,1
109.3884,1.2192,1.1054,0.2639,0,1.7446,1
109.4884,1.1449,1.1621,0.2591,0,1.6892,1
109.5884,1.0706,0.8941,0.2544,0,1.6135,1
109.6884,0.9963,0.9604,0.2728,0,1.5514,1
109.7884,0.9220,0.7729,0.2224,0,1.4773,1
109.8884,0.8474,0.6874,0.2266,0,1.4021,1
109.9884,0.7631,0.5003,0.1790,0,1.3163,1
110.0884,0.6788,0.5993,0.1918,0,1.2481,1
110.1884,0.5946,0.4696,0.1655,0,1.1740,1
110.2884,0.5103,0.4220,0.1550,1,0.0000,1
110.3884,0.4260,0.2108,0.1235,1,0.0000,1
110.4884,0.3417,0.3004,0.1327,1,0.0000,1
110.5884,0.2575,0.2663,0.1159,1,0.0000,1
110.6884,0.1732,0.2823,0.1173,1,0.0000,1
110.7884,0.0889,0.1614,0.1012,1,0.0000,1
110.8884,0.0046,0.2168,0.1043,1,0.0000,1
110.9884,0.0000,0.0689,0.0863,1,0.0000,1
111.0884,0.0000,0.0639,0.0829,1,0.0000,1
114.5884,0.0000,0.0000,0.0498,1,0.0000,2
114.6884,0.0000,0.0004,0.0498,1,0.0000,2
114.7884,0.0000,0.0000,0.0498,1,0.0000,2
114.8884,0.0000,0.0000,0.0498,1,0.0000,2
115.1884,0.0000,0.0000,0.0498,1,0.0000,2
115.2884,0.0000,0.0000,0.0498,1,0.0000,2
115.8884,0.0000,0.0000,0.0498,1,0.0000,2
116.0884,0.0000,0.0000,0.0498,1,0.0000,2
116.5884,0.0000,0.0000,0.0498,1,0.0000,2
117.1884,0.0000,0.0000,0.0498,1,0.0000,2
117.5884,0.0000,0.0000,0.0498,1,0.0000,2
118.0884,0.0000,0.0027,0.0498,1,0.0000,2
118.2884,0.0000,0.0004,0.0498,1,0.0000,2
118.8884,0.0000,0.0000,0.0498,1,0.0000,2
119.0884,0.0000,0.0013,0.0498,1,0.0000,2
119.1884,0.0000,0.0002,0.0498,1,0.0000,2
119.2884,0.0000,0.0003,0.0498,1,0.0000,2
119.5884,0.0000,0.0029,0.0498,1,0.0000,2
121.0884,0.0000,0.0015,0.0498,1,0.0000,2
121.1884,0.0000,0.0034,0.0498,1,0.0000,2
121.4884,0.0000,0.0028,0.0498,1,0.0000,2
121.5884,0.0000,0.0037,0.0498,1,0.0000,2
121.7884,0.0000,0.0036,0.0498,1,0.0000,2
121.9884,0.0000,0.0034,0.0498,1,0.0000,2
122.2884,0.0000,0.0024,0.0498,1,0.0000,2
122.6884,0.0000,0.0063,0.0498,1,0.0000,2
122.8884,0.0000,0.0045,0.0498,1,0.0000,2
122.9884,0.0000,0.0060,0.0498,1,0.0000,2
123.1884,0.0000,0.0051,0.0498,1,0.0000,2
123.3884,0.0000,0.0038,0.0498,1,0.0000,2
123.6884,0.0000,0.0047,0.0498,1,0.0000,2
124.1884,0.0000,0.0059,0.0498,1,0.0000,2
124.3884,0.0000,0.0043,0.0498,1,0.0000,2
124.5884,0.0000,0.0051,0.0498,1,0.0000,2
124.6884,0.0000,0.0058,0.0498,1,0.0000,2
125.0884,0.0000,0.0071,0.0498,1,0.0000,2
125.1884,0.0000,0.0068,0.0498,1,0.0000,2
125.2884,0.0000,0.0079,0.0498,1,0.0000,2
